02488F50 2 
024882D0 9992 
02488320 9993 
02488370 9994 
024883C0 9995 
02488410 9996 
02488460 9997 
024884B0 9998 
02488550 9992 
024885A0 9993 
024885F0 9994 
02488640 9995 
02488690 9996 
024886E0 9997 
02488730 9998 
02488780 9999 
024887D0 9992 
02488820 9993 
02488870 9994 
024888C0 9995 
02488910 9996 
02488960 9997 
024889B0 9998 
02488A00 9999 
02488A50 9992 
02488AA0 9993 
02488AF0 9994 
02488B40 9995 
02488B90 9996 
02488BE0 9997 
02488C30 9998 
02488C80 9999 
02488CD0 9992 
02488D20 9993 
02488D70 9994 
02488DC0 9995 
02488E10 9996 
02488E60 9997 
02488EB0 9998 
02488F00 9999 
